4162
416
247
144
463
139
271
183
487
185
309
355
317
270
241
299
116
108
1211
410
597
1432
1438
282
56
152
12
57
1464
413
266
149
99
369
401
383
14
1415
603
187
124
1418
521
639
1439
357
411
571
1421
405
202
553
295
331
485
412
472
4149
1417
560
35
473
426
608
138
200
1397
17
1408
178
382
146
69
406
1403
162
1447
549
391
480
644
91
157
54
32
611
259
1459
577
59
387
389
384
627
290
61
1393
277
609
303
50
1467
1449
111
316
285
501
593
312
545
579
4160
207
343
52
257
4148
104
16
255
512
359
437
377
428
126
1460
117
230
67
1457
629
188
275
451
333
278
1384
459
337
581
504
1423
568
1428
1402
1433
28
18
514
143
90
351
1396
82
544
209
234
155
298
165
622
335
1422
304
175
160
500
189
1471
1398
1413
1455
1220
115
621
591
541
1389
225
186
595
296
522
334
262
132
484
97
379
7
263
1444
168
1435
375
404
1424
440
313
1472
1441
228
1412
105
191
1446
173
47
470
196
68
55
332
559
481
118
65
1442
1458
468
615
638
634
10
538
3748
280
261
445
308
658
381
330
602
172
567
86
49
77
409
240
40
365
408
45
179
430
